79
44
73
22
26
18
86
95
54
59
44
0
3
15
44
12
98
52
78
38
10
42
56
82
41
7
76
79
81
85
36
4
75
2
93
53
1
49
10
10
01
83
96
8
29
78
11
08
27
28
59
86
11
43
25
34
75
83
99
43
43
96
73
14
31
48
99
35
20
72
7
30
87
43
0
95
10
36
77
06
47
89
47
90
30
7
03
2
766
93
97
04
14
16
90
85
10
94
25
27
5
27
56
21
77
48
0
37
84
05
90
26
53
87
22
3
78
06
52
43
40
10
91
5
4
05
22
56
44
14
54
95
58
32
56
2
57
27
46
96
38
96
37
88
37
03
33
85
45
84
76
20
81
02
59
15
55
97
766
6
44
70
766
4
18
49
30
54
02
7
27
7
28
05
12
87
30
85
78
59
21
13
0
27
74
38
36
4
70
87
92
74
00
58
29
766
50
59
70
40
73
5
51
38
26
20
09
97
99
80
09
37
84
16
9
09
58
08
52
49
88
58
89
41
76
16
27
58
53
16
40
80
52
44
48
91
70
59
72
92
84
97
32
766
40
37
20
12
97
19
86
30
39
43
92
29
49
55
58
94
22
80
39
72
56
77
55
54
58
39
42
74
87
30
46
89
42
39
23
34
28
49
39
71
41
92
766
34
8
05
51
39
42
04
20
30
766
29
58
52

