57
22
51
00
04
96
64
73
32
37
22
8
1
93
22
90
76
30
56
16
98
20
34
60
29
5
54
57
69
63
14
2
53
0
71
31
9
27
98
98
89
61
74
6
07
56
99
86
05
06
37
64
99
21
03
12
53
61
77
21
21
74
51
92
19
26
77
13
08
50
5
18
65
21
8
73
98
14
55
84
25
67
25
78
18
5
81
0
544
71
75
82
92
94
78
63
98
72
03
05
3
05
34
09
55
26
8
15
62
83
78
04
31
65
00
1
56
84
30
21
28
98
79
3
2
83
00
34
22
92
32
73
36
10
34
0
35
05
24
74
16
74
15
66
15
81
11
63
23
62
54
08
69
80
37
93
33
75
544
4
22
58
544
2
96
27
18
32
80
5
05
5
06
83
90
65
18
63
56
37
09
91
8
05
52
16
14
2
58
65
70
52
88
36
07
544
38
37
58
28
51
3
39
16
04
08
87
75
77
68
87
15
62
94
7
87
36
86
30
27
66
36
67
29
54
94
05
36
31
94
28
68
30
22
26
79
58
37
50
70
62
75
10
544
28
15
08
90
75
97
64
18
17
21
70
07
27
33
36
72
00
68
17
50
34
55
33
32
36
17
20
52
65
18
24
67
20
17
01
12
06
27
17
59
29
70
544
12
6
83
39
17
20
82
08
18
544
07
36
30

